auto: (832, 832)
7 11
7 12
8 13
9 10
11 12
16 32
19 79
19 125
19 334
21 28
22 335
25 275
29 30
29 126
30 125
31 32
40 41
43 132
44 46
65 581
66 115
68 103
68 220
71 120
72 270
72 271
73 170
75 76
77 172
77 173
79 124
79 334
81 178
84 92
87 350
93 94
99 326
100 101
102 103
117 430
118 602
121 338
123 337
129 130
133 134
134 135
138 150
147 148
153 155
164 194
166 167
166 237
168 287
183 184
183 227
184 227
186 221
188 607
189 608
198 201
215 216
218 219
219 605
221 331
235 236
248 249
252 253
273 335
299 302
300 301
305 308
311 370
322 323
337 338
339 340
345 347
360 361
361 362
368 369
369 370
382 385
386 389
391 392
399 400
421 591
425 426
426 694
432 498
436 747
440 441
444 445
449 623
453 454
453 633
455 458
464 465
479 585
482 484
487 488
496 497
498 620
498 621
503 505
518 519
531 551
534 538
535 761
536 537
537 539
538 596
540 745
552 763
552 764
553 672
561 562
563 565
563 566
564 565
568 569
595 700
600 704
600 705
606 607
614 615
620 621
634 635
642 743
642 744
646 647
649 650
660 662
674 675
686 725
693 694
695 696
697 698
699 700
699 702
709 710
711 737
714 715
717 740
720 721
721 722
723 724
729 730
734 735
736 737
744 747
745 746
763 764
771 773
789 814
796 807
809 810
824 825
825 827
829 830
830 831

cross 0: (832, 29)
