auto: (832, 832)
10 11
10 82
13 14
15 16
17 32
18 126
21 22
22 334
24 25
27 276
28 276
29 178
30 32
30 179
33 180
36 37
36 38
42 43
42 131
57 58
68 603
72 291
73 121
73 270
75 76
75 172
76 77
77 173
78 335
79 335
80 177
87 88
88 89
88 90
89 90
92 93
93 345
94 345
96 825
115 447
117 429
117 639
120 690
121 271
122 271
123 335
123 336
128 230
133 134
134 135
135 151
136 137
141 145
150 151
152 153
164 165
169 290
171 270
171 271
182 229
184 185
184 228
189 190
193 194
195 196
195 199
200 201
217 218
220 221
222 328
237 284
243 244
245 246
245 247
245 831
256 257
265 266
265 684
293 687
294 687
295 719
298 709
304 318
304 319
305 394
306 308
309 310
324 692
325 326
328 329
332 333
347 348
350 351
356 358
367 368
374 375
376 377
386 387
395 396
404 407
404 408
405 406
407 408
424 697
429 583
431 449
431 450
433 434
434 435
437 747
440 696
446 498
449 450
452 486
457 458
460 462
464 465
469 470
477 828
478 828
479 585
479 823
481 638
482 703
484 485
484 636
491 492
507 545
522 523
531 551
531 552
551 552
564 794
565 566
569 570
584 601
585 600
585 822
586 820
586 824
590 592
591 592
599 702
618 619
643 747
643 748
645 646
654 655
655 656
670 671
677 678
693 694
696 697
704 705
706 707
710 737
712 738
720 721
733 734
758 759
787 789
792 793
802 803
804 805
814 815
821 822
826 829
827 829

cross 0: (832, 29)
