auto: (832, 832)
8 83
17 33
19 20
21 334
22 273
22 274
25 275
27 277
29 181
30 125
32 179
34 39
40 41
44 46
49 50
62 243
64 582
65 581
68 102
68 103
68 220
69 102
70 71
73 271
77 172
79 123
80 124
80 177
84 85
87 350
93 343
99 325
101 222
102 103
102 220
103 220
107 108
118 601
121 122
122 171
123 175
123 176
127 128
132 155
139 140
143 144
154 155
167 187
171 270
173 376
175 176
181 182
184 185
192 194
204 206
218 219
221 331
223 224
224 225
226 284
227 228
227 286
244 830
264 265
266 682
267 268
271 272
294 486
297 298
300 301
300 302
301 304
302 303
323 324
327 328
329 330
345 347
346 347
355 356
360 361
371 372
374 375
378 385
390 392
408 409
410 411
413 415
414 415
417 418
425 441
427 693
427 828
431 623
437 747
439 539
439 540
440 541
441 442
445 502
448 496
451 452
454 455
457 466
458 459
479 585
480 541
482 484
497 498
498 620
501 528
503 504
531 532
531 533
532 533
534 535
534 536
535 760
535 761
553 554
553 763
554 555
564 565
577 615
580 581
585 823
586 823
590 591
601 822
614 615
637 638
641 745
642 750
643 749
646 647
646 798
648 650
656 658
660 661
672 761
672 762
673 759
683 684
685 726
686 722
686 725
692 693
693 828
697 699
702 703
709 710
711 724
714 715
720 721
723 725
729 730
733 734
734 735
739 752
744 745
747 748
749 750
753 754
755 756
756 808
761 762
764 765
770 771
774 775
777 779
778 779
784 785
789 814
791 792
793 794
809 813
824 825
827 828
827 829

cross 0: (832, 29)
