auto: (832, 832)
10 11
16 17
18 19
18 125
22 274
24 99
27 277
28 275
30 31
30 80
30 125
31 80
31 125
32 179
46 47
47 48
71 72
72 291
75 76
76 172
77 174
79 123
79 124
80 125
83 84
86 351
89 351
90 91
92 97
93 345
94 95
100 691
101 103
113 115
113 580
115 581
117 601
117 602
121 271
123 335
136 137
138 139
141 142
149 151
166 187
166 237
169 289
169 290
170 171
171 270
179 180
188 191
189 608
192 195
196 199
197 199
201 202
215 216
222 330
222 331
223 224
223 330
241 328
244 831
246 831
249 250
250 251
257 589
266 685
272 335
273 336
275 276
276 352
295 719
304 305
304 306
327 329
333 334
336 337
339 690
340 341
340 821
343 344
356 358
368 403
375 376
385 386
386 387
387 388
404 405
405 406
413 414
425 478
425 695
426 693
427 428
427 583
431 450
432 449
433 623
434 435
434 744
436 437
439 532
441 542
441 696
443 444
445 446
451 489
453 454
454 455
456 457
456 458
457 458
460 464
472 473
478 827
479 702
480 696
481 482
481 641
482 641
483 636
484 636
497 619
529 768
530 531
534 761
542 543
545 548
549 550
554 555
564 565
584 692
585 822
587 593
590 592
598 703
599 702
599 703
601 602
605 606
645 806
657 658
659 663
670 671
674 675
676 677
687 688
699 700
710 724
711 720
712 738
720 721
721 722
726 727
731 732
734 735
736 737
755 807
758 759
766 767
800 801
801 802
802 803
810 812
811 812
824 825
828 829

cross 0: (832, 29)
