auto: (832, 832)
20 21
22 274
24 25
28 179
29 31
30 80
40 130
43 44
50 51
55 56
62 244
65 581
65 582
67 429
70 292
70 488
74 170
75 76
77 172
79 123
79 124
81 177
83 84
85 86
86 87
89 90
92 345
92 348
93 96
101 691
113 580
114 448
115 448
117 602
120 689
122 337
124 176
129 230
132 135
133 155
137 138
142 144
144 146
150 151
154 155
162 163
168 169
169 289
175 374
180 181
183 184
188 608
192 194
198 199
198 201
204 206
220 331
227 285
227 286
228 229
231 232
245 831
249 250
252 253
256 590
258 592
266 727
272 273
283 284
293 488
294 295
298 687
298 725
301 303
309 370
309 371
310 311
310 371
310 372
334 335
335 336
337 338
356 357
370 371
371 372
376 387
377 386
379 380
380 381
385 386
386 389
394 395
396 397
402 403
416 417
424 477
428 582
428 583
436 437
438 533
440 540
442 548
454 455
457 458
459 630
469 470
479 480
483 750
485 721
487 490
489 603
493 494
502 503
529 544
554 555
556 557
560 806
567 568
567 570
588 589
608 610
622 623
631 632
643 744
643 747
647 650
659 660
670 671
671 672
673 760
676 677
682 683
687 688
691 692
697 698
703 704
713 714
726 727
735 736
744 747
755 809
759 760
767 768
781 782
792 793
804 805
809 812
817 818
824 825
824 826

cross 0: (832, 29)
