auto: (832, 832)
3 4
10 27
12 13
17 36
19 20
19 77
21 79
22 274
24 98
25 351
26 27
30 80
30 178
44 45
46 47
58 59
63 64
63 65
77 78
78 176
79 124
79 125
80 125
84 85
87 90
90 91
94 95
99 100
101 103
101 333
102 103
102 332
108 109
113 580
117 583
117 602
117 639
120 688
120 689
121 271
124 335
124 336
136 138
139 140
139 146
169 289
182 281
185 220
192 195
197 201
199 200
202 203
213 611
218 605
218 606
222 330
234 235
238 359
244 831
245 831
246 831
254 255
256 591
261 262
265 266
275 276
280 282
288 289
294 295
294 721
295 721
297 721
297 722
298 725
305 318
321 322
326 327
327 329
328 329
332 333
335 336
340 341
341 342
344 345
355 357
358 360
369 370
376 389
378 385
380 384
387 388
400 401
400 402
401 402
405 407
407 409
412 413
424 697
425 478
426 695
429 602
432 450
434 435
434 745
435 745
437 539
437 540
438 538
440 541
441 696
446 447
454 632
455 456
455 622
456 622
457 459
461 462
484 485
487 490
488 490
503 504
504 505
507 508
517 518
528 770
529 768
530 531
530 549
534 761
534 762
538 747
539 540
541 542
545 548
550 552
552 553
553 554
556 557
564 794
568 569
583 639
584 601
585 822
586 824
586 825
588 589
599 702
601 692
605 606
641 746
642 643
642 743
643 749
644 645
644 749
645 800
649 650
651 652
660 661
676 677
691 692
698 699
699 700
719 720
722 723
726 727
731 732
754 807
761 762
764 765
765 766
772 773
785 786
785 787
792 793
796 808
802 803
803 804
810 813
826 827
826 828

cross 0: (832, 29)
