auto: (832, 832)
10 27
11 82
12 13
18 125
18 126
19 77
19 79
21 79
23 331
28 276
29 30
30 31
30 80
36 37
38 39
41 42
67 428
69 602
74 170
74 171
78 176
82 413
92 93
94 95
99 325
101 334
102 103
113 114
114 580
115 580
115 581
124 177
125 126
129 231
132 155
134 135
136 137
139 140
149 150
167 236
168 185
168 288
172 173
173 174
185 286
186 237
192 195
193 195
196 198
196 200
197 200
202 203
214 611
220 221
222 329
224 226
228 229
236 287
238 359
248 254
257 591
261 262
266 685
271 272
273 334
282 284
301 393
304 318
305 306
326 327
335 336
344 589
355 357
355 358
362 363
369 370
378 388
379 385
380 384
381 384
387 388
388 389
407 409
425 478
426 694
428 602
437 539
437 540
437 541
438 538
438 541
439 532
440 548
441 542
444 502
449 623
451 452
460 463
480 696
497 620
499 500
506 507
507 509
514 515
530 552
533 762
534 761
534 762
535 536
538 747
539 540
539 541
540 541
543 544
555 763
555 764
558 559
561 562
568 569
583 695
585 821
586 820
587 819
595 700
595 701
596 597
607 608
616 617
617 619
619 620
644 645
647 649
650 651
657 658
660 661
666 667
680 681
705 706
706 707
709 736
711 724
714 715
719 720
720 721
731 732
744 745
749 801
749 803
750 806
764 765
770 771
774 775
784 785
789 814
794 811
802 803
804 805
811 812
825 826
827 828
829 830

cross 0: (832, 29)
