auto: (832, 832)
7 10
7 11
10 11
16 32
18 30
19 125
21 334
23 24
23 25
29 30
30 125
34 39
37 38
42 43
44 45
54 470
63 242
64 65
65 582
68 103
70 71
72 291
73 271
75 76
77 78
78 124
79 124
80 123
80 177
81 177
83 84
90 96
93 94
94 345
96 97
97 325
114 447
116 430
118 602
120 689
122 337
129 229
133 155
137 151
142 144
142 145
143 145
148 149
153 154
164 194
166 236
166 237
172 173
182 225
183 184
192 195
193 195
209 210
214 215
215 216
218 219
219 220
222 223
222 330
227 285
237 238
239 359
241 329
250 252
257 592
261 262
261 679
262 679
268 269
271 272
285 286
293 294
297 723
299 687
301 302
305 306
305 375
313 314
322 342
325 326
333 334
333 335
334 335
346 347
356 357
360 361
372 373
380 381
385 386
404 405
410 412
416 417
424 477
435 436
437 747
438 540
453 454
457 458
466 467
479 827
481 601
482 483
482 485
483 484
489 490
489 603
493 494
498 620
506 507
508 509
526 527
531 533
536 537
547 548
551 552
551 766
552 763
552 766
553 764
554 764
557 804
560 805
562 796
568 570
569 570
578 579
584 693
586 698
586 824
595 700
606 607
608 610
619 620
642 744
643 748
644 749
647 650
651 652
659 660
660 661
667 668
667 669
668 669
672 673
674 675
686 724
701 818
702 703
703 704
711 737
712 738
714 715
721 722
736 737
750 751
755 809
761 762
762 763
767 768
773 774
785 786
793 794
824 827

cross 0: (832, 29)
