auto: (832, 832)
10 11
10 12
17 35
18 126
24 274
24 324
27 179
28 180
29 179
30 31
33 34
36 38
46 47
64 581
70 119
77 78
79 335
82 84
83 85
87 89
91 97
93 345
96 825
100 325
103 603
115 445
115 447
117 583
117 639
118 601
118 602
120 690
121 271
123 175
128 229
133 134
133 152
135 136
138 139
147 148
149 150
151 152
158 159
166 237
171 172
176 336
178 275
184 228
192 194
195 196
196 197
201 202
206 207
219 608
220 605
222 223
224 331
236 287
238 239
243 327
276 351
286 287
289 290
293 687
297 723
300 301
300 302
301 302
302 303
305 306
305 371
311 369
317 318
321 342
322 343
323 324
325 692
329 330
334 335
339 340
346 348
355 357
356 357
366 401
373 374
376 389
386 387
390 391
402 403
413 414
426 427
428 583
429 602
431 448
431 449
432 620
432 623
433 434
438 531
438 539
439 539
440 541
442 443
446 447
449 450
456 466
460 461
465 467
477 828
477 831
478 827
479 585
486 489
492 493
503 526
508 510
517 518
527 528
529 544
532 550
534 537
539 540
548 549
551 552
553 763
559 561
563 564
578 579
585 823
589 590
595 699
596 597
597 598
598 703
601 602
619 620
620 621
635 636
644 749
645 799
666 667
671 672
676 677
685 686
686 726
687 688
693 823
700 701
705 706
707 708
710 736
711 737
714 715
720 721
724 737
733 735
747 767
748 803
755 808
756 808
756 809
758 759
769 770
784 785
789 790
799 800
800 801
828 831
829 830

cross 0: (832, 29)
