auto: (832, 832)
2 3
12 414
15 30
17 32
18 125
19 79
24 25
24 274
24 275
25 275
27 276
29 179
30 31
30 179
36 37
49 50
54 55
68 70
68 603
69 103
70 603
71 488
73 271
74 170
74 171
78 79
80 177
86 351
87 89
87 90
88 89
88 90
89 90
90 349
92 93
93 94
98 99
98 325
99 325
99 326
115 447
118 639
121 271
124 175
128 129
138 148
139 140
159 160
166 236
171 172
183 229
185 186
196 197
198 202
199 200
208 209
218 219
220 221
222 331
223 329
223 330
228 285
243 244
265 682
266 267
268 269
272 333
272 334
296 722
298 725
298 727
305 308
305 394
306 373
307 373
308 371
309 310
309 372
310 311
310 372
328 329
334 335
338 339
339 690
343 344
354 355
356 357
356 358
357 358
359 360
367 368
371 394
385 386
387 388
391 392
400 402
407 408
411 412
417 418
424 697
425 695
427 583
429 602
435 743
439 532
440 541
441 541
445 447
446 448
448 498
452 453
456 457
460 461
460 462
469 470
477 828
478 828
481 640
494 495
496 497
501 528
529 769
530 767
531 532
531 551
532 550
533 534
536 537
540 541
546 547
549 550
551 767
556 762
562 563
564 565
566 567
568 569
569 570
583 584
585 822
586 700
590 591
598 702
598 703
600 821
610 611
627 628
635 636
641 642
643 644
645 806
648 649
649 650
696 697
699 700
700 819
702 703
711 737
714 715
717 718
721 726
723 724
766 767
772 773
785 787
791 792
807 808
809 810
814 815
823 827
824 825
825 826

cross 0: (832, 29)
