auto: (832, 832)
8 9
18 19
18 126
22 273
23 275
24 274
27 276
30 32
30 179
36 37
39 40
40 41
64 581
64 582
69 71
70 120
71 72
73 171
75 76
75 78
75 172
76 77
76 78
79 334
79 335
80 124
83 85
84 85
86 350
91 97
92 345
100 101
104 105
106 107
115 580
116 430
123 176
123 336
133 155
134 149
135 148
136 137
143 144
152 153
159 160
168 287
173 376
174 175
175 176
187 188
192 193
192 195
203 204
215 216
219 608
223 224
231 232
236 286
237 238
243 327
251 252
252 253
262 263
266 682
267 268
267 727
271 272
278 352
294 721
297 723
298 299
298 725
298 726
305 306
305 308
307 308
308 373
310 311
323 324
327 328
331 332
334 335
341 342
345 348
346 347
347 348
356 359
360 361
365 366
380 385
400 401
400 402
401 402
404 405
406 407
410 411
427 583
427 693
428 429
432 623
436 747
439 539
440 542
441 442
444 445
456 457
457 458
458 459
460 462
465 467
468 469
470 471
478 694
478 824
478 828
481 482
482 637
483 750
487 488
498 619
503 504
508 510
508 511
529 544
531 532
532 762
534 535
534 536
546 548
552 763
553 555
555 764
558 560
561 562
563 564
568 569
586 701
590 591
599 705
606 607
611 612
613 614
615 616
620 621
627 628
635 636
637 638
638 639
638 640
641 745
644 645
646 800
649 650
651 652
659 660
686 687
687 688
691 822
692 823
706 707
712 738
722 723
722 725
723 724
732 734
733 735
735 736
744 746
748 802
748 803
750 751
753 754
755 808
756 808
784 785
784 786
789 790
795 796
802 803
810 813
811 812
812 813
813 814
816 817
825 826
826 827
827 828
829 830

cross 0: (832, 29)
